Residue	S2	error
2	0.7907469468913275	0.06584089174857902
3	0.818471283468616	0.022585170327697305
4	0.7970812990443428	0.03872213156565103
5	0.7765832023801605	0.021673143669736543
6	0.7959534905754487	0.023524900801726735
7	0.7501765431914589	0.04290402115623175
8	0.7103744767288891	0.017865701500204088
9	0.6830964826240213	0.05446247366677916
10	0.6670953245262405	0.035728926807540674
11	0.6551905836172933	0.04454543023281824
12	0.7267173148476145	0.033017752522391086
13	0.8342939183462464	0.035191084132499766
14	0.8201682440909598	0.025112332155752738
15	0.6888810338335957	0.03182806819803611
16	0.7873208896820113	0.013720598133922873
17	0.844912508394015	0.02386486442841942
18	0.83056413917684	0.022631934880218918
20	0.7855630860823827	0.02004905328968102
22	0.8707600979634843	0.030353102410589125
23	0.6417549539630287	0.09126808089647523
25	0.6636432443354668	0.07974288117292962
26	0.835919587855819	0.0205660803059015
27	0.8917164842617967	0.026077329343915788
29	0.8575743352714187	0.016799195533815644
30	0.8319353434830595	0.019453185761949942
32	0.8329354680525876	0.029951601158506487
33	0.800360597247268	0.027980572168893096
34	0.8214407807104389	0.02526116729220931
35	0.8546830471804614	0.023077777322204084
39	0.7541955870187809	0.03491630545839844
40	0.8187514603066981	0.02012644940319204
41	0.7877127634526013	0.02441472582712451
42	0.7521097715295729	0.021265699855132672
43	0.8053170683986998	0.015100729421049302
44	0.7926077069042197	0.02253506601877407
45	0.822954763985643	0.042240630818509955
46	0.7239465646913937	0.02683155312536571
47	0.7482950716721715	0.03273031605840763
48	0.8044023009895368	0.032736755605121924
49	0.7410418085163651	0.024625676807070628
50	0.7951281143466798	0.023919897591740593
51	0.8095019821107405	0.014311222593775829
52	0.8039254098528748	0.019277668855076965
54	0.8534853522385755	0.02587332013327027
55	0.8815994947273055	0.03357978522910081
56	0.8044104329826767	0.03548112315996567
57	0.7984521390695423	0.02752861480732856
58	0.7753174838779403	0.050554430387185885
59	0.7680568622936197	0.021217696805919273
60	0.8124913961661266	0.028290425882875902
61	0.7278197649711262	0.05097993810709993
62	0.7147629685846741	0.025989565980875116
63	0.8281526539823942	0.011305334719280429
64	0.7607310036412445	0.02732230400843243
65	0.7772299691676845	0.0447391914725885
66	0.8099149551762514	0.012603931381887338
67	0.8218247469355375	0.029164323527513535
68	0.851490864569542	0.02124206147151507
70	0.8840844772212926	0.04382159859669758
71	0.519615214795031	0.10287180850336276
74	0.17208515654556575	0.028203931782702953
75	0.05455083474933728	0.012118831494937978
76	0.016920756565498043	0.017172318373508324
