Residue_number	S2_NASR	S2_NASR__err
1		
2	0.8601210109724005	0.005602718876159878
3	0.8815051658624133	0.005535208726697544
4	0.877304542484773	0.0081012610881234
5	0.8224924837444325	0.005257402647274489
6	0.8857599729234658	0.008363697499424394
7	0.8354329385778146	0.006165295457389453
8	0.7658321801250896	0.0046839299572626735
9	0.7701819862590105	0.010805487960536802
10	0.7606520355025905	0.007357911847586466
11	0.713698733328838	0.004892154902708125
12	0.76519763157945	0.004616381052547157
13	0.8591351303052921	0.007710326734502345
14	0.8483394193395137	0.0052914170292088746
15	0.87408923605431	0.005687137142728389
16	0.8148660643188981	0.006285676091313926
17	0.8764295165813953	0.006390085269279479
18	0.8676878757547106	0.006316431905108169
19		
20	0.9203854069798203	0.014543661380060064
21	0.9432347307640162	0.00609149096825748
22	0.9038310244767668	0.008861905314813338
23	0.8974859390914879	0.007094763759893427
24		
25	0.9015944183826572	0.007482722978845854
26	0.8747541399297467	0.006238151685172581
27	0.9071348562518151	0.009891590451076153
28	0.9226816781180702	0.00634086509262203
29	0.8824829348893454	0.005375462166179025
30	0.8780091875577034	0.005364560265650778
31	0.8972982036357091	0.006910885785319981
32	0.8968039910271932	0.005686166295211558
33	0.8588134183346398	0.0062799531970449875
34	0.8454995552441001	0.005422812783258394
35	0.9130037616798736	0.011733741733725954
36	0.8278529873615142	0.009326246371305327
37		
38		
39	0.8785880820619698	0.005762327194481643
40	0.866803296429704	0.007062668140665234
41	0.8684541095487575	0.009463508316495546
42	0.8472276452212	0.006678914116812064
43	0.8538535700346583	0.005550641487635119
44	0.8529824161566237	0.005180766756466195
45	0.87590799975992	0.006392626549510956
46	0.8710326372252484	0.011853222160052537
47	0.9024969199580436	0.014747457338983888
48	0.8665474985245261	0.005451533695291933
49	0.803710088682969	0.005009907441123735
50	0.8667986606488722	0.00828140620779065
51	0.8395190598733301	0.005821118921165059
52	0.8235350640683682	0.006719714570305019
53		
54	0.8643552122557256	0.006647865904681499
55	0.8894542857210379	0.010313913667776124
56	0.9049749347193126	0.009755126773885063
57	0.9146932989574751	0.0059853137516397625
58	0.9223713575164982	0.005985103799940066
59	0.8590334327971917	0.0052458712241097135
60	0.8526667245952395	0.006848348346442963
61	0.8819688802585908	0.0067570109993859255
62	0.7916355310738421	0.005289031306171477
63	0.8458967061253476	0.00520475857904279
64	0.8807158674702406	0.005526662418433767
65	0.889086955026165	0.005621791563980813
66	0.8236562645857252	0.00550805928737915
67	0.883641798089841	0.008064752733451154
68	0.8407760304165481	0.0054948301219039705
69	0.8452501167611721	0.006324662063768287
70	0.9020107332601792	0.007095797213370486
71	0.8326954785929737	0.005389258419510625
72	0.7182582367481929	0.004821586542125601
73	0.47856003127742197	0.0032019263084731068
74	0.38223439918682434	0.002571772700997143
75	0.27517142227567726	0.003434320064440906
76	0.19911534454688973	0.00159269925350039
