INFO
Type	R1	R1	R1
Nuc	15N	15N	15N	
v0	500	600	850	
v1	0	0	0	
vr	0	0	0	
END

DATA
R
1.907	1.458	1.332
2.058	1.575	1.44
2.106	1.617	1.45
1.973	1.49	1.307
2.046	1.58	1.429
2.014	1.552	1.405
1.986	1.575	1.463
1.876	1.514	1.398
1.963	1.534	1.401
1.809	1.482	1.392
1.863	1.474	1.325
1.991	1.554	1.391
1.933	1.482	1.35
2.072	1.584	1.445
1.832	1.36	1.245
2.025	1.533	1.382
1.89	1.418	1.282
1.997	1.539	1.357
2.057	1.579	1.409
2.109	1.66	1.509
2.074	1.61	1.475
2.084	1.623	1.456
2.126	1.609	1.452
2.066	1.577	1.422
2.08	1.618	1.455
2.056	1.59	1.446
1.965	1.522	1.381
1.944	1.506	1.348
1.955	1.496	1.331
1.725	1.33	1.213
2.048	1.585	1.47
2.026	1.569	1.406
2.044	1.549	1.401
2.001	1.48	1.366
1.992	1.485	1.327
1.996	1.547	1.348
2.02	1.546	1.412
2.015	1.56	1.393
1.934	1.478	1.38
1.93	1.502	1.387
1.859	1.477	1.316
2.029	1.595	1.412
1.88	1.444	1.269
1.795	1.352	1.234
1.92	1.482	1.346
1.996	1.538	1.387
2.124	1.637	1.493
2.06	1.582	1.472
2.017	1.553	1.374
2.042	1.571	1.445
2.035	1.593	1.431
1.795	1.403	1.293
1.892	1.442	1.305
2.1	1.596	1.445
2.036	1.58	1.451
1.963	1.459	1.327
2.033	1.525	1.378
1.979	1.499	1.329
2.072	1.558	1.43
1.963	1.526	1.413
1.612	1.448	1.415
1.27	1.242	1.237
0.871	0.852	0.858


	
Rstd
0.029	0.022	0.007
0.031	0.024	0.007
0.032	0.024	0.007
0.03	0.022	0.007
0.031	0.024	0.007
0.03	0.023	0.007
0.03	0.024	0.007
0.028	0.023	0.007
0.029	0.023	0.007
0.027	0.022	0.007
0.028	0.022	0.007
0.03	0.023	0.007
0.029	0.022	0.007
0.031	0.024	0.007
0.027	0.02	0.006
0.03	0.023	0.007
0.028	0.021	0.006
0.03	0.023	0.007
0.031	0.024	0.007
0.032	0.025	0.008
0.031	0.024	0.007
0.031	0.024	0.007
0.032	0.024	0.007
0.031	0.024	0.007
0.031	0.024	0.007
0.031	0.024	0.007
0.029	0.023	0.007
0.029	0.023	0.007
0.029	0.022	0.007
0.026	0.02	0.006
0.031	0.024	0.007
0.03	0.024	0.007
0.031	0.023	0.007
0.03	0.022	0.007
0.03	0.022	0.007
0.03	0.023	0.007
0.03	0.023	0.007
0.03	0.023	0.007
0.029	0.022	0.007
0.029	0.023	0.007
0.028	0.022	0.007
0.03	0.024	0.007
0.028	0.022	0.006
0.027	0.02	0.006
0.029	0.022	0.007
0.03	0.023	0.007
0.032	0.025	0.007
0.031	0.024	0.007
0.03	0.023	0.007
0.031	0.024	0.007
0.031	0.024	0.007
0.027	0.021	0.006
0.028	0.022	0.007
0.031	0.024	0.007
0.031	0.024	0.007
0.029	0.022	0.007
0.03	0.023	0.007
0.03	0.022	0.007
0.031	0.023	0.007
0.029	0.023	0.007
0.024	0.022	0.007
0.019	0.019	0.006
0.013	0.013	0.004


  
label
2
3
4
5
6
7
8
9
10
11
12
13
14
15
16
17
18
20
22
23
25
26
27
29
30
32
33
34
35
36
39
40
41
42
43
44
45
46
47
48
49
50
51
52
54
55
56
57
59
60
61
62
63
64
65
66
67
68
70
71
74
75
76



END